0 0.105645 0.082974 0.104839 0.148707
0 0.199194 0.054957 0.091935 0.105603
0 0.123387 0.417026 0.130645 0.170259
0 0.207258 0.242457 0.098387 0.140086
0 0.301613 0.129310 0.070968 0.112069
0 0.142742 0.625000 0.130645 0.185345
0 0.231452 0.836207 0.124194 0.198276
0 0.282258 0.603448 0.106452 0.172414
0 0.333871 0.390086 0.083871 0.137931
0 0.358871 0.255388 0.059677 0.088362
0 0.410484 0.378233 0.072581 0.118534
0 0.387903 0.549569 0.085484 0.146552
0 0.460484 0.514009 0.069355 0.131466
0 0.437903 0.721983 0.079032 0.150862
0 0.407258 0.923491 0.095161 0.153017
0 0.552419 0.804957 0.059677 0.131466
0 0.506452 0.660560 0.070968 0.135776
0 0.516129 0.483836 0.061290 0.114224
0 0.479032 0.235991 0.061290 0.105603
0 0.441935 0.104526 0.064516 0.105603
0 0.502419 0.121767 0.056452 0.109914
0 0.545968 0.132543 0.050000 0.105603
0 0.534677 0.235991 0.050000 0.101293
0 0.579839 0.235991 0.040323 0.092672
0 0.614516 0.251078 0.041935 0.088362
0 0.576613 0.358836 0.056452 0.118534
0 0.613710 0.351293 0.043548 0.099138
0 0.646774 0.340517 0.038710 0.081897
0 0.680645 0.326509 0.038710 0.071121
0 0.565323 0.610991 0.062903 0.122845
0 0.607258 0.570043 0.050000 0.096983
0 0.650000 0.464440 0.045161 0.092672
0 0.679839 0.442888 0.043548 0.084052
0 0.608871 0.748922 0.053226 0.122845
0 0.648387 0.688578 0.048387 0.118534
0 0.685484 0.589440 0.045161 0.096983
0 0.708065 0.565733 0.035484 0.084052
0 0.648387 0.873922 0.048387 0.118534
0 0.676613 0.842672 0.043548 0.103448
0 0.687097 0.730603 0.048387 0.094828
0 0.711290 0.688578 0.038710 0.084052
0 0.740323 0.650862 0.035484 0.081897
0 0.755645 0.623922 0.037097 0.075431
0 0.740323 0.899784 0.035484 0.096983
0 0.740323 0.786638 0.035484 0.090517
0 0.765323 0.741379 0.030645 0.081897
0 0.786290 0.707974 0.027419 0.066810
0 0.798387 0.675647 0.025806 0.066810
0 0.792742 0.831897 0.033871 0.086207
0 0.813710 0.792026 0.030645 0.079741
0 0.829839 0.752155 0.024194 0.064655
0 0.793548 0.940733 0.032258 0.088362
0 0.836290 0.876078 0.024194 0.071121
