0 0.095238 0.132219 0.178054 0.258359
0 0.241201 0.129179 0.159420 0.252280
0 0.390269 0.124620 0.151139 0.243161
0 0.574534 0.118541 0.142857 0.231003
0 0.781573 0.117021 0.126294 0.227964
0 0.153209 0.361702 0.169772 0.273556
0 0.298137 0.348024 0.144928 0.258359
0 0.505176 0.348024 0.144928 0.264438
0 0.736025 0.358663 0.142857 0.261398
0 0.146998 0.648936 0.182195 0.294833
0 0.390269 0.575988 0.146998 0.246201
0 0.571429 0.571429 0.144928 0.243161
0 0.715321 0.568389 0.126294 0.206687
0 0.387164 0.844985 0.153209 0.267477
0 0.516563 0.811550 0.146998 0.255319
0 0.646998 0.781155 0.130435 0.243161
0 0.854037 0.791793 0.126294 0.240122
