0 0.448333 0.270000 0.086667 0.290000
0 0.540000 0.292500 0.083333 0.275000
0 0.625000 0.300000 0.073333 0.270000
0 0.697500 0.310000 0.068333 0.260000
0 0.756667 0.327500 0.060000 0.245000
0 0.384167 0.527500 0.088333 0.285000
0 0.465833 0.545000 0.085000 0.270000
0 0.585833 0.537500 0.078333 0.285000
0 0.660833 0.535000 0.071667 0.270000
0 0.722500 0.550000 0.065000 0.240000
0 0.365000 0.777500 0.090000 0.305000
0 0.445833 0.775000 0.085000 0.290000
0 0.532500 0.772500 0.078333 0.295000
0 0.616667 0.770000 0.076667 0.270000
0 0.686667 0.770000 0.070000 0.260000
0 0.773333 0.755000 0.063333 0.260000
0 0.815000 0.342500 0.063333 0.225000
0 0.810000 0.540000 0.063333 0.260000
0 0.845833 0.752500 0.061667 0.255000
0 0.899167 0.337500 0.058333 0.235000
0 0.869167 0.542500 0.055000 0.245000
0 0.904167 0.750000 0.055000 0.240000
0 0.950833 0.742500 0.051667 0.235000
0 0.923333 0.550000 0.053333 0.230000
0 0.950000 0.350000 0.050000 0.240000
