0 0.047778 0.446667 0.082222 0.130000
0 0.121111 0.454167 0.086667 0.131667
0 0.206667 0.446667 0.086667 0.143333
0 0.290000 0.442500 0.086667 0.138333
0 0.096111 0.583333 0.083333 0.133333
0 0.196667 0.585833 0.084444 0.145000
0 0.272778 0.582500 0.085556 0.135000
0 0.365000 0.577500 0.087778 0.138333
0 0.074444 0.722500 0.086667 0.138333
0 0.154444 0.732500 0.091111 0.138333
0 0.243333 0.725833 0.091111 0.148333
0 0.345556 0.716667 0.091111 0.140000
0 0.432778 0.714167 0.085556 0.135000
0 0.578889 0.628333 0.093333 0.136667
0 0.675556 0.628333 0.100000 0.146667
0 0.771111 0.628333 0.097778 0.140000
0 0.558333 0.774167 0.092222 0.138333
0 0.653889 0.776667 0.098889 0.153333
0 0.752222 0.782500 0.097778 0.148333
0 0.855556 0.785833 0.108889 0.151667
0 0.957222 0.794167 0.085556 0.145000
