0 0.460821 0.231383 0.197761 0.271277
0 0.658582 0.223404 0.205224 0.276596
0 0.865672 0.215426 0.194030 0.271277
0 0.358209 0.457447 0.194030 0.255319
0 0.557836 0.452128 0.190299 0.255319
0 0.755597 0.441489 0.190299 0.255319
0 0.927239 0.436170 0.145522 0.255319
0 0.268657 0.686170 0.201493 0.244681
0 0.458955 0.670213 0.186567 0.244681
0 0.656716 0.662234 0.186567 0.239362
0 0.845149 0.656915 0.182836 0.239362
0 0.083955 0.667553 0.160448 0.250000
0 0.179104 0.896277 0.186567 0.207447
0 0.360075 0.888298 0.175373 0.223404
0 0.561567 0.877660 0.182836 0.244681
0 0.748134 0.859043 0.175373 0.228723
0 0.927239 0.867021 0.145522 0.234043
