0 0.061972 0.475352 0.095775 0.316901
0 0.209859 0.461268 0.098592 0.316901
0 0.233803 0.214789 0.095775 0.330986
0 0.253521 0.838028 0.101408 0.323944
0 0.283099 0.549296 0.092958 0.323944
0 0.369014 0.292254 0.095775 0.316901
0 0.391549 0.577465 0.101408 0.309859
0 0.414085 0.855634 0.095775 0.288732
0 0.498592 0.598592 0.101408 0.309859
0 0.540845 0.859155 0.101408 0.281690
0 0.621127 0.619718 0.087324 0.295775
0 0.563380 0.345070 0.090141 0.309859
0 0.522535 0.112676 0.104225 0.211268
0 0.643662 0.151408 0.081690 0.288732
0 0.714085 0.419014 0.098592 0.302817
0 0.732394 0.172535 0.090141 0.288732
0 0.833803 0.204225 0.090141 0.281690
0 0.792958 0.422535 0.087324 0.323944
0 0.736620 0.697183 0.087324 0.295775
0 0.685915 0.859155 0.098592 0.281690
0 0.856338 0.704225 0.090141 0.281690
0 0.861972 0.457746 0.084507 0.295775
0 0.935211 0.619718 0.090141 0.295775
0 0.971831 0.397887 0.056338 0.274648
