0 0.121032 0.307500 0.178571 0.385000
0 0.319444 0.335000 0.162698 0.370000
0 0.494048 0.360000 0.146825 0.350000
0 0.640873 0.385000 0.115079 0.320000
0 0.781746 0.410000 0.111111 0.310000
0 0.902778 0.447500 0.091270 0.295000
0 0.748016 0.127500 0.107143 0.245000
0 0.878968 0.147500 0.107143 0.275000
0 0.962302 0.170000 0.075397 0.280000
0 0.206349 0.705000 0.174603 0.370000
0 0.384921 0.700000 0.150794 0.350000
0 0.541667 0.715000 0.138889 0.350000
0 0.688492 0.707500 0.107143 0.315000
0 0.825397 0.727500 0.103175 0.305000
0 0.942460 0.730000 0.107143 0.290000
