0 0.050000 0.392857 0.077778 0.200000
0 0.381944 0.753571 0.069444 0.278571
0 0.454167 0.757143 0.058333 0.228571
0 0.506944 0.760714 0.047222 0.221429
0 0.555556 0.753571 0.044444 0.192857
0 0.626389 0.742857 0.030556 0.171429
0 0.656944 0.728571 0.030556 0.157143
0 0.683333 0.721429 0.027778 0.142857
0 0.450000 0.528571 0.061111 0.285714
0 0.506944 0.546429 0.052778 0.264286
0 0.554167 0.550000 0.047222 0.242857
0 0.594444 0.560714 0.038889 0.235714
0 0.627778 0.564286 0.038889 0.200000
0 0.656944 0.560714 0.030556 0.207143
0 0.684722 0.567857 0.036111 0.192857
0 0.458333 0.325000 0.055556 0.221429
0 0.501389 0.339286 0.052778 0.192857
0 0.543056 0.367857 0.047222 0.178571
0 0.587500 0.221429 0.041667 0.228571
0 0.622222 0.232143 0.033333 0.250000
0 0.650000 0.271429 0.033333 0.214286
