0 0.083955 0.670213 0.160448 0.244681
0 0.268657 0.688830 0.194030 0.250000
0 0.175373 0.893617 0.186567 0.212766
0 0.358209 0.888298 0.186567 0.223404
0 0.360075 0.454787 0.190299 0.250000
0 0.462687 0.228723 0.194030 0.276596
0 0.662313 0.223404 0.190299 0.265957
0 0.865672 0.218085 0.194030 0.265957
0 0.559701 0.457447 0.194030 0.265957
0 0.755597 0.438830 0.190299 0.250000
0 0.925373 0.430851 0.149254 0.234043
0 0.457090 0.672872 0.190299 0.239362
0 0.658582 0.659574 0.182836 0.244681
0 0.845149 0.654255 0.190299 0.244681
0 0.557836 0.872340 0.190299 0.234043
0 0.746269 0.864362 0.186567 0.228723
0 0.927239 0.861702 0.145522 0.234043
