0 0.343750 0.352679 0.125000 0.151786
0 0.281250 0.598214 0.133929 0.142857
0 0.203125 0.712054 0.084821 0.129464
0 0.122768 0.712054 0.058036 0.129464
0 0.073661 0.698661 0.058036 0.129464
0 0.020089 0.700893 0.031250 0.133929
0 0.033482 0.488839 0.058036 0.129464
0 0.095982 0.484375 0.058036 0.138393
0 0.198661 0.477679 0.075893 0.142857
0 0.138393 0.225446 0.080357 0.138393
0 0.089286 0.261161 0.062500 0.147321
0 0.263393 0.839286 0.142857 0.142857
0 0.383929 0.816964 0.125000 0.133929
0 0.493304 0.801339 0.111607 0.129464
0 0.591518 0.783482 0.093750 0.111607
0 0.674107 0.767857 0.089286 0.116071
0 0.743304 0.756696 0.075893 0.111607
0 0.406250 0.595982 0.116071 0.147321
0 0.513393 0.587054 0.098214 0.138393
0 0.602679 0.584821 0.080357 0.125000
0 0.674107 0.589286 0.071429 0.133929
0 0.477679 0.366071 0.116071 0.151786
0 0.578125 0.375000 0.093750 0.142857
0 0.656250 0.395089 0.080357 0.138393
0 0.723214 0.395089 0.071429 0.129464
0 0.794643 0.408482 0.071429 0.120536
