0 0.398438 0.807107 0.164062 0.324873
0 0.570312 0.819797 0.132812 0.269036
0 0.560547 0.543147 0.144531 0.355330
0 0.689453 0.553299 0.121094 0.324873
0 0.574219 0.294416 0.132812 0.274112
0 0.681641 0.317259 0.105469 0.258883
0 0.785156 0.335025 0.101562 0.213198
0 0.697266 0.814721 0.113281 0.238579
0 0.808594 0.802030 0.101562 0.233503
0 0.900391 0.796954 0.089844 0.223350
0 0.802734 0.560914 0.105469 0.289340
0 0.900391 0.568528 0.089844 0.294416
0 0.878906 0.170051 0.085938 0.279188
0 0.960938 0.203046 0.078125 0.263959
0 0.966797 0.578680 0.066406 0.253807
