0 0.408000 0.505247 0.088000 0.119940
0 0.228000 0.688906 0.082000 0.115442
0 0.315500 0.607196 0.087000 0.125937
0 0.237500 0.829835 0.081000 0.115442
0 0.328000 0.733883 0.076000 0.112444
0 0.335000 0.865067 0.076000 0.107946
0 0.413500 0.659670 0.079000 0.116942
0 0.417500 0.793103 0.075000 0.113943
0 0.504500 0.725637 0.081000 0.116942
0 0.503500 0.859070 0.079000 0.113943
0 0.423500 0.934783 0.085000 0.112444
0 0.495000 0.575712 0.078000 0.119940
0 0.579500 0.494003 0.083000 0.121439
0 0.586000 0.637931 0.084000 0.118441
0 0.594500 0.774363 0.081000 0.121439
0 0.590000 0.916042 0.080000 0.116942
0 0.667000 0.549475 0.082000 0.127436
0 0.678500 0.698651 0.081000 0.119940
0 0.681500 0.839580 0.079000 0.113943
0 0.671500 0.952774 0.081000 0.094453
